00
00
00
00
00
00
00
00
00
00
00
00
00
00
00
00
00
00
00
00
00
00
00
00
00
00
00
00
00
00
00
00
00
00
00
00
00
00
00
00
00
00
00
00
00
00
00
00
02
3e
30
24
a2
ab
5d
01
30
0f
b6
33
fb
ab
18
00
00
02
78
52
30
01
0c
00
00
00
01
fb
00
00
70
1f
10
85
f8
ce
52
00
ff
03
52
19
20
09
80
bf
3f
08
62
00
00
10
70
10
ef
0e
20
f0
4d
5f
08
01
62
11
10
a0
b2
80
20
18
00
80
00
fe
fe
fe
fe
fe
fe
fe
fe
fe
fe
fe
fe
fe
fe
fe
fe
fe
fe
00
00
00
03
2c
8b
00
4e
0b
00
8b
03
1c
8b
94
c3
01
c0
83
01
c0
43
01
c0
03
01
c0
c3
01
c0
83
01
c0
43
01
c0
41
01
10
5d
00
03
40
00
03
2d
8b
fc
12
8b
89
8b
89
8b
89
92
89
8b
cb
52
8b
8b
52
8b
4b
52
8b
0b
52
8b
cb
52
8b
8b
52
43
01
c0
41
01
52
10
40
00
70
5b
40
00
c0
00
0c
9c
86
03
a1
63
1f
ec
5c
7f
00
2d
a9
01
1b
20
24
e7
71
e7
9d
31
0c
61
13
40
52
40
01
52
07
40
01
00
30
6b
00
9a
20
01
02
28
0c
01
09
cd
49
28
00
00
61
d0
6a
d9
c9
9c
00
01
00
5f
01
00
be
ac
ae
b4
01
ec
10
f0
fc
39
f0
0c
81
25
9d
01
6f
bc
7b
1e
ac
8d
75
7c
ae
1b
79
9d
66
14
f7
00
74
2f
e4
9d
66
71
9a
01
93
6a
00
52
20
00
35
28
e8
76
9a
40
f3
e3
00
71
d3
02
05
01
9a
40
f6
52
01
53
cc
99
00
02
02
10
02
20
55
12
55
52
55
12
d5
92
15
52
20
01
22
f5
98
e1
13
00
03
08
c9
71
b2
40
71
4a
01
9a
c9
00
49
26
01
f4
9a
66
01
00
71
00
01
00
22
10
0e
08
6d
06
a8
10
9c
21
00
74
0c
05
e4
ff
10
78
30
5c
01
63
6d
fc
01
61
5d
ff
70
ff
70
00
f0
f0
e0
f8
03
40
16
0a
20
06
00
d0
0b
52
01
40
07
40
01
30
fc
00
01
00
01
d0
c8
60
00
00
00
03
0f
02
03
00
70
08
01
12
01
92
01
52
51
c0
10
c1
00
01
11
01
d3
8b
25
bd
1d
ae
0e
27
3e
71
21
ff
a4
03
2d
db
2b
29
09
13
21
88
91
8c
1e
95
9a
3f
94
02
7e
b6
d7
01
05
37
bf
b6
36
76
37
01
00
00
01
02
75
7e
76
6e
00
01
66
ae
65
05
6c
75
69
04
51
04
00
e1
61
11
72
61
00
2d
04
2a
69
62
ad
54
91
55
02
58
06
5a
13
9b
7a
00
51
20
5a
00
01
81
15
f6
14
f6
c5
17
da
20
d8
73
51
38
51
09
94
00
51
01
40
93
01
92
07
40
1a
c0
04
40
c1
00
f0
f1
05
4c
6d
15
1a
0e
90
01
40
09
82
59
08
00
dd
06
00
ff
00
ff
e0
f0
f8
04
c0
ff
10
18
fe
02
70
01
00
00
00
08
00
01
00
02
09
00
6b
69
74
74
65
00
0a
14
00
41
01
01
02
81
09
0d
c5
c5
0d
22
09
0d
c5
c5
0d
16
09
0d
85
85
0d
0a
08
0d
05
05
0d
30
0a
70
01
00
01
41
01
ff
04
e8
00
68
00
69
80
a0
00
00
40
08
00
05
40
08
01
70
00
00
fe
10
01
30
00
00
04
1e
10
00
ed
c0
f9
1c
01
68
41
00
ff
00
01
00
1c
00
09
01
70
00
09
01
70
00
80
08
70
00
80
08
70
00
00
1a
02
00
42
01
11
01
04
42
11
11
00
00
00
d8
fb
0e
ff
01
00
10
00
70
00
80
08
88
00
00
04
00
00
b4
fb
00
48
00
00
00
ff
04
fc
03
00
48
ff
10
00
13
00
89
48
48
c8
48
c8
48
00
00
92
d2
d1
92
d2
d1
ff
70
73
00
05
00
00
05
40
08
00
05
00
00
01
70
c8
70
02
82
0a
0a
02
1a
0a
03
08
02
00
02
9a
4a
04
02
02
4a
03
04
02
70
08
00
68
01
69
00
c6
00
1c
00
08
14
0a
00
04
52
21
00
10
00
02
70
c8
10
70
04
00
20
a0
20
01
06
01
02
a8
01
06
01
08
28
01
06
01
20
a8
01
06
a0
07
00
ec
60
08
01
70
fc
00
00
02
00
08
70
42
d2
fa
70
01
01
00
01
00
01
00
e1
00
03
98
00
0e
00
05
d2
91
11
00
00
e0
50
f6
d0
41
00
c8
87
4c
40
52
ff
00
a0
ff
00
9a
ff
a9
94
34
16
c8
67
00
2d
4f
74
69
2d
00
04
03
00
10
20
3a
f8
04
00
20
ff
00
ff
2e
ec
ff
06
2b
84
0d
06
29
f6
ff
00
ff
f8
2e
04
03
00
10
20
02
f8
04
00
70
20
18
29
f2
20
10
46
00
00
00
32
36
61
65
00
04
20
00
20
f8
0f
00
00
69
09
0a
25
60
1f
53
04
41
43
58
63
08
18
0f
23
35
00
09
00
66
2f
00
01
ff
64
00
c0
00
41
08
00
52
17
00
00
a6
0f
00
00
6c
07
00
03
00
00
0b
00
07
00
03
00
00
64
00
00
08
18
09
00
01
00
04
c9
11
04
c9
03
11
00
00
00
04
02
ff
21
ff
10
00
0a
88
8b
58
88
88
00
10
10
70
70
4a
8b
59
08
5b
70
26
00
01
08
00
08
00
22
20
08
88
a0
02
88
1a
34
ff
19
05
02
00
49
48
10
01
00
00
14
0f
42
42
08
93
42
42
d2
1a
01
70
00
00
00
a5
00
00
00
46
00
45
45
05
1c
00
00
01
00
02
00
3c
3c
3a
3a
3a
40
08
30
37
85
00
00
00
01
00
04
c0
08
2a
c0
66
02
06
20
38
00
20
ff
24
09
02
e0
14
51
88
ff
1e
09
88
01
c3
19
c0
48
08
01
00
00
01
1b
ff
00
0f
ff
0e
00
01
00
00
00
00
00
00
00
00
00
00
00
00
00
00
00
00
00
00
00
00
00
73
00
00
00
00
00
00
00
00
00
00
00
00
00
00
00
00
00
00
00
00
00
00
00
00
00
00
00
00
